0 35
1 2809
2 119423
3 10581101
4 622049959
5 47099816849
6 2844293573123
7 213396244249259
8 5197575163154207
9 532583104419474103
10 26668851798437672069
11 1618329027718307317163
12 223805650834109988733379
13 7725437014430047040648441
14 518550472184286868415268307
15 56428170876101072889162455561
16 2685965373527961041081304670373
17 241993740554079491775951403570763
18 15851439578608891786963645370309123
19 951669653732570356101937132150548623
20 28146586079427395226602425912316690939
21 3221527082585803496327422679423138573509
22 186729786503006054415371997236062282858289
23 11939263061437451680621511308453176456968693
24 930908057393014134226588485657584750054236951
25 27134390147176017902651566098288500022788408783
26 3601838572760079882051360763926667746962416115341
27 281920299762027760151521780590466084295469267919687
28 14902955858590963829003116110375816960270269812650763
29 590158819259718265519286770178741938635105708586426453
30 56516325757548909729584652271810149894447375031640220239
31 2146903595883168517379030660518882484775363419963773995001
32 246276987368842309082424464373634941445723632761984719255553
33 20287245736264454664812795526938083939420055939259760563759487
34 885998834600675572014954513061933576658842523563255728521789797
35 31820915108482543988596994786471013929735258938354802135682240407
36 3657643207407795451730804506385753504966412023781229212407243217847
37 189449893310621059260479735737784801278934941973343697907284178247641
38 9616829979456781776653787586516949954658427333555390186366934328307117
39 1382033775449417585180668842345358779679770684791663463443612118940433419
40 76561238223317426305048646491179291860096454070646053608465757395301486411
41 4038862360274837205928386368563544387747686302142680350598757906932654378773
42 175202741414477294549824529477690678036995956313314027437785608333327147088057
43 15515882927540703751778917405205742004938557798126962857557337711545780629927253
44 790530314087450032692027528528943206047393411378945477332154304296536569908413433
45 52348130268608210395152223749487847076702624222121523432866712275392257365034247949
46 2903012586564617906267862651470840557353327079941864798342426691206862646824533659699
47 300488893977780237366560630557943991765454738204694655366950273223331837985877018469907
48 17931333226706627353351109938103658096317126020380126251252287165337506266377458875520219
49 893089972929597597270503774913606645664516955979871978694410954824856357106673431526313559
50 77127391476916967650849737186989686533946561312764267437552266138755666854257075468312591189
51 5197999421333451034860227587336626896829816417519902450081620593052336090699246983445248593711
52 290489987306063257086968821183802764184237896878877896874090912571203142241406116919956875692507
53 12216691044412256544983459649451357036140264964290020510197429402144230348602650937030684760531319
54 1719672661878017313603653539547682544693327592401877263988171002660097495377839678931685456113624129
55 127159951426685166791517185243599394929399583058757116451354208806949938003706919884725783044239253713
56 3985651014808998626089348455648302078882713740972868088327705532691440470578529296330050677516607127727
57 323015691953659857762851194244008361412849509126323690402929210300595752572183036508103366973286259977191
58 13121106229217610525413794918158201495984325982483979154788357477836453362369397165742223226524388707265363
59 1183066393708810005570372091715580420304566118627153679733401711960179594673673339841710129051783777262256563
60 63346796506894470159606835768945866824992500257732940374679340638810335527226326213296529481007637815292663973
61 5497573669561236237409891481887927334777180253902261965311597902305316226232141383888100815659588359317766893209
62 312769134052492717659828431417571403316454562177464950470244967232380781571130061789897813540540910001433420159247
63 21460478447198858546920383879786342395277727500266088245012550832733826399254965634547114369501303438130992826180111
64 1418783226125977570369555591690426294541133634383908912181765431031056974114306372782743131798610122563625794999838393
65 115140034374683293702619514431579461940098293622773833056390609155596837526751680244673586803039629290158386452821870293
66 5075488855307226190800616712479557388505108618989709903524368887806963887231997268313240568446762074652107285149074745369
67 258541985392612666394928207349405677328715266968481598099345935701544848296623470843285110282615455950524830279607003026697
68 29771657096644980169563760378064282601191551099536783259128251982541323811505100535204333443812673267239559395295272258921333
69 1603516592256916981354860930242155034301026698787698562902025287153771319713608167506909531827608465282742488926101423712440409
70 91765216045384539463682115653305890061470755120609384709357382650927983849876824439977792489560744504328597393985749798436253649
71 5219781598172152638555569604860035136155371008336194428620887670522344444567507929963401627856019814316195962905557136254370707121
72 318065677954712631086048272349409936557713414934227494012734092778140944662485611785321883039510372243224831900582705562018629955061
73 19763465688160290857894624303051635765396737832208742884490713371416644697824869033738544950656672098983235696803903184141168673163453
74 2013576082498403303116939726756503872636015810209764135111298877518384299029578889186645970286106126019536217967949002134933534401520491
75 112500296396055006209275094957021811588491763831383604620752183068192180186895576740072786615353657181515605446253039143538751535485290801
76 10192709866240112674365360953840961454376425509640856879011245471960555203863069138522557266841961911913470393811326100808929930348440197897
77 399542799290210117044959208814731234336729300158412674410460129792319137490319572506088658310972441978630703476494123751449014226670959627077
78 34477104393897373352697972055462345746562714743555054516348135156875938475582615493802486597112221651178574424052666654768129959931778139946533
79 1268997087481434053653379816226544777045089783967576396551316366168348677918422137132064676979856243339729334800951389375125740597682143200218263
80 93809047203938282067725129468743000779148483317790826863191700039881100984274701370104739317248135532242914630402670401224469269151705475069727159
81 5240973355969807341067242024742310737886822128909937517202344110246669183673195326128019362700753552073161199602606791489829770878326121417200018297
82 405411828806070151244190384392943901569017965325503012409323046375128835561823020721730592864145147814588744369935959847760414117371329712961948968311
83 45225489604576301098130969100132053148878737051760238117328717218500229996254455175427728734898720141044459463230136041245296035757285077655712710937809
84 1593593146584381004117236210004796259613345189711082495125490341031648509945135184781241954781582257481784967925878584710733455179272448714999999709017273
85 81050544183686039816699133445435809654775404383581570088373814770751547791075021776690654399198585576457128031600269857021719974780936704782255733054788541
86 9370735901015171846829355192665899341253467005863387061240950181257767072224125950880592624573499685626795880322633891222464637032358298161676489794576097103
87 439943972951209969733980835080994439695028061495756614101158440123588778106553038072716747858085904900820359144862979158974297400611585698203120783030700423741
88 20552775323705754759407041097243359774827709179293430590807192233931875021668859626666963539876156437909609975844118462763611032973122825983186521881583957267917
89 1669715127822532399804270562754412186085219614305836126716639630066291455849943093290148253578110295677064586344313388181793544884328698330192690732753434944722443
90 146133245456648133870030757003206106887831847783392860041219806140918178087031321414100674989599239770324232546732215526844686176705418634773235599549337511050223161
91 11022641461824395782356263817940109760773045693644430417017955823717504247183891020506939665934032987636426433875315873190860740135556752512965861064848219279365176533
92 456198055804920152340201830563719045492529939137751213617513684102574091503205898608734327749969997400107867312727398221776787953251411605123797017026591544932245945681
93 31207360903772910170780547916610760862686469877237164894836671350734691669243815970636455314316980226454116585406469430347832206685534979539773964090804733580343028183763
94 3074003441281682989262560002264018318912610634827800672075988052623155916797388777720744020876995709165072761583533321493280336834444293556190606806368115077002431923201979
95 177878405115104950787687719349861584380207928130343960091862331644699462037968057978797716379363758132304245457608732354975519769700112820378656731437049989828059394419945163
96 10286403514262877913718676064496990528020785403669891943003072169318865038285377591736041251840354860035318233742062297219922648713397840093984760740585671001544743082736303663
97 473095981776985408635051054023114690244985234870093632346882928422612922052195761587121908335274439969524204597875621247293846913256551999390082157452929849851398474837262953407
98 31402637141899988858367149259676035897194335107827613567641803199617831722374789803867531938200023467549476687114106560031548906803529993723289156585460896340816557425329046895079
99 3195779345378977880755369906133190023141419181680018853120347688821901713973299645740231399417031300524283090095798563030096429775110867892516274686478585647378686652838166580146933
