77
121
143
312706433166947
535819107642557
49
143
361
2183
9379
34189
118829
348797
3356359
15492913
44542051
155567267
622110719
1573921777
11207661713
41015247989
75044943503
656739556633
3628463790883
8915935039597
24308922012953
126937502658119
632320170508087
2291832702145183
8323745262031421
25337898127695953
196882736094185903
1032407665972687721
1919109937791026921
6568745822648189893
50866106942822204699
163053906643660371133
404541133019660954113
2185327402433865688781
9585207015775352429563
52739937586424926842163
178449445284183386379193
541668746073241160673253
2268594574654390018161679
14343327969037104676598513
27819961170081488050979201
158073728298952298890262167
933206141803079273420029477
4256564377451269301346803129
12714209596355955109758036331
40417510609356253359914634787
152093606421142828878326692079
441362009584753916233901372269
2581211736390097009001163857647
5933147315270546398875757278827
37800812612629695429128946919699
134611675940155291997881981285309
732453907288944326482802935057009
3108064347035352655203287562685277
15167152172201994651237557478162679
42334913821661108176824398277443519
153660076843426631003396359987195153
631803253404350132033232924380341093
3446580291452828810061678291976103473
16553672170371732707400165744566593529
35211477886572849357555690752024965981
134836341759419357575116348538473791501
819719382341304924852183018573943000439
2694169969877984651338434141062428995487
16084556379756859868291368424916072770239
59652075650455321788709103977757178667427
213077060449059182286431623461516714491017
665622398325118629191368268343878573658829
3054397110757168329902268836682490369652501
11805263590792770179295691556020907813705779
63374134311463584625607914610534436717093031
179275484116142714292353563618747349366439799
1050856741325135951837447197411539172286764391
3643298522177094636823011739309253061175485703
8126105334090987188983606220496891394455916027
61036953954826531980399236719961909991142370227
234260904251859259706484016455921780782564826931
609888649378300743402201856333722553856082324521
5511769887035987130481128179133110039219144890297
15279056757504546928249354603528188932152163598469
52696948037495829141917713629372150966327994845433
262283266408434693145140802178169566698447136916721
695003190978299137481874037983874159735791233262347
4123973943869248681359439185097308835692083231332463
7185361146818840051517958588292273490929335203044101
70788300041246046875360298418126625668197545649403357
216495003702907499835927884954401431635509678025909333
896685236400517128995376678602977626438043345185690001
3860042587172993902908763235709520999717096350670664819
11251690801945457364624567874993183138817390652905253499
40069227778780753154316580905675712913126456672137806883
187171067392205700630717277001219818829164609647683932651
680458607483385902380088023406863992904820600462981599999
2293922544595632824140432334199476981634158918133210620327
14038818863785213278188872054176043863660078487586765320259
64118146930119647580321716285594867368744595514512672739571
266131029725166240268483185931470829787160923203805273004347
582770680693393239805577120829482021111609731950235313603563
4048659274198426643937827879725759065607533049078659261762823
15691085110108327426986387873071432720655504484190064706210561
